fixtures.yaml: 2023-09-06 21:53:16.821963738 +0200 CEST
fixtures2.yaml: 2023-09-05 23:06:41.234923068 +0200 CEST
